keywords=Data Scientist
location=United States
3567519954
3542376374
3568004654
3541923609
3528111562
3526793895
3549949154
3550608212
3548545626
3561484458
3548743830
3549946364
3563863387
3542507915
3541505150
3563875063
3547974597
3540371468
3551292337
3549943521
3548521220
3549360500
3549047191
3540466971
3549945381
3520002781
3540156523
3541985976
3550818382
3540391750
3548939147
3548746504
3544861081
3540064056
3542497489
3551206691
3550954814
3549532051
3541211523
3544969332
3543370067
3551207971
3563801257
3539666494
3533391989
3549577866
3548919337
3540145358
3563487842
3539536860
3563890259
3563847727
3550609176
3549944509
3537408250
3549947233
3529581092
3541541535
3542180410
3548665267
3536221148
3542405274
3544880813
3546786490
3542510443
3531352186
3522604170
3550603745
3532843340
3542771160
3547265288
3548702107
3543387826
3545441724
3561482410
3550619152
3544822617
3549944545
3547227402
3562204793
3545756840
3548557886
3535520948
3533510618
3548523465
3561415990
3525250703
3549152923
3549191844
3561097315
3523901388
3545050448
3563498443
3535543118
3547446260
3544169282
3539295503
3546894335
3542083492
3547079503
3541592398
3541948260
3549363241
3544054671
3561495962
3537405507
3539300568
3552302416
3527642936
3550608247
3549951252
3542767386
3550604364
3520034957
3547204275
3539266969
3545001634
3549949167
3539673944
3533391993
3547251438
3549948203
3542827283
3541977257
3544598612
3540142927
3532875840
3542466145
3523753772
3549947206
3545559420
3521162095
3542225778
3552017903
3548848839
3549040772
3542291415
3564347291
3546905178
3549968182
3551200749
3563497516
3549163080
3542101195
3542499118
3563812480
3551800734
3549943570
3541949592
3540920763
3549051287
3550782171
3542331961
3541362598
3522229066
3554502838
3549946351
3538950926
3525733135
3543293777
3548732686
3548208844
3539663798
3544013304
3545282001
3550883628
3549948747
3531777376
3544948776
3538953064
3547251532
3549949176
3548697626
3545291098
3548741146
3548629401
3521829168
3542461562
3550494644
3561096675
3549947244
3537553519
3538314853
3551214368
3550368207
3550956675
3541942200
3548910510
3542462521
3551981278
3525795404
3527053954
3550603743
3530249165
3542184328
3541566691
3535527918
3551302935
3543867365
3549945405
3547517839
3538956557
3551474462
3545469151
3549947227
3538967468
3538316614
3531432974
3526797274
3549945412
3550320973
3544515095
3549579541
3542785235
3551301979
3540928169
3543926698
3544515271
3544109829
3568666319
3561426467
3544805623
3544110264
3545464807
3538047201
3525790897
3545063402
3539268018
3549948164
3548761873
3568604070
3549964423
3563496632
3542214776
3543339299
3545964865
3539245460
3547247975
3538313665
3550839035
3547162887
3539952306
3562210638
3547503490
3539645569
3547182428
3541584915
3547164985
3551213485
3550975309
3549568320
3525868666
3548540410
3547203014
3541975811
3549364284
3548526013
3549947200
3538935384
3549011524
3539939623
3522683748
3562209680
3547059341
3547267465
3549017664
3549916775
3549946340
3549507264
3549947219
3536427907
3547411577
3550557597
3538998997
3539113171
3542293043
3544869849
3567598552
3541992536
3544874695
3551029266
3541990600
3550412745
3564352432
3541574876
3549963335
3537901956
3528589664
3546431213
3547250892
3544165851
3549947205
3545592228
3549966286
3544153613
3539286458
3545293481
3550321722
3550952593
3549970263
3541980505
3540191448
3547281065
3543226378
3542564946
3551221295
3550882241
3539305489
3538979835
3550486576
3544123936
3544544143
3539260943
3538034277
3550367909
3544551099
3542274519
3549948179
3545838496
3568496221
3550817321
3567522787
3549567670
3544421342
3550984696
3544878402
3542661084
3552715006
3544168351
3547409817
3540160272
3549944508
3549907769
3532266841
3544505018
3546924797
3533394900
3549945425
3540975989
3549946349
3562213284
3538045508
3542945706
3539149863
3549943544
3563827369
3547419771
3562200467
3548848378
3548527495
3544854485
3550972315
3545756843
3549984508
3562209679
3545283401
3549001384
3549945408
3564333419
3564349911
3550604479
3543181260
3545702540
3545718011
3542752452
3536676198
3549361050
3541590062
3542674967
3544862040
3545558379
3549945417
3544515353
3521863571
3551371690
3545865099
3544169389
3547279650
3534865794
3540847751
3546932588
3541982438
3540119207
3541939467
3549954932
3549948211
3544192216
3543224367
3542460614
3542401307
3539360966
3543229077
3550721944
3521482393
3547448201
3550608314
3549018220
3541595181
3568408715
3538077174
3533391990
3544163536
3550605376
3542464349
3568661894
3543238856
3562213295
3540827626
3539285476
3544523775
3539102494
3550608332
3549964424
3568617992
3545310537
3548685313
3543225412
3539508815
3548633267
3544843098
3547101454
3564304665
3539512107
3540123358
3542772751
3537402979
3547432594
3536361708
3550718147
3540179395
3548530200
3548600327
3549944552
3539617846
3549947246
3542408044
3542195602
3542634096
3541999496
3547903997
3545950640
3536527818
3540919097
3538937533
3561496244
3562213312
3562216541
3550607340
3549946330
3539268181
3547677178
3548754547
3541927335
3539241880
3537808744
3550609316
3541923985
3545825468
3547724478
3537833486
3541580396
3544142616
3541973683
3542110646
3549412397
3539351871
3550599379
3562207679
3562211454
3551379825
3549947217
3568004657
3549947204
3551246396
3527454061
3545290639
3531351659
3548754273
3540904278
3567597126
3549945413
3530249682
3544104060
3539620677
3541529306
3551307314
3549946342
3552012152
3544140773
3549945395
3547224712
3544192810
3539242793
3545711848
3543356898
3544522800
3544165850
3549936710
3548742753
3549026596
3549364113
3531649117
3563494931
3541975518
3538509994
3540907955
3547038344
3544521824
3545477419
3538983533
3547379367
3542338243
3549944550
3546975383
3549001161
3539265217
3548890702
3548695132
3522098727
3547498912
3544965637
3540686539
3536233018
3540199917
3523779725
3551309029
3549945411
3547407082
3520461216
3563499314
3544516627
3563497544
3542049288
3550874891
3531732557
3549929969
3539607663
3530200222
3549029304
3550487005
3549945420
3548527496
3550875824
3568003873
3550551070
3550745728
3549520414
3562209630
3542401938
3545712962
3561415895
3544852536
3561491637
3548930719
3539248041
3535424567
3536369563
3541587321
3549986366
3542393233
3548529267
3563836346
3550607368
3543289783
3545270116
3544066805
3551833680
3530978110
3549948182
3544880768
3545315250
3548972341
3535541961
3545047716
3541956845
3550836453
3540183121
3541972822
3549946350
3542411668
3549945399
3549943550
3541926368
3542625715
3541245232
3544847500
3544164484
3544436574
3551288712
3535098410
3531734323
3548381522
3540569076
3544545156
3552781721
3550622096
3545837015
3548557910
3527649010
3538331589
3550878622
3550774931
3517160528
3529542142
3549946365
3545765016
3563800147
3544196067
3544199800
3545865098
3549946333
3549944519
3540650372
3545453738
3545990272
3563497459
3545282447
3540358659
3548629110
3545715690
3536054346
3550577044
3549948199
3541974598
3527592303
3549944547
3542469106
3550827207
3548644758
3549700370
3539616835
3549948176
3545302604
3562212414
3549948191
3532024706
3548807550
3549946353
3547411184
3564346736
3550547947
3539233805
3543369834
3549983029
3542773904
3532820621
3550724227
3550353249
3540958493
3542677965
3563810856
3520035884
3547417623
3540183116
3545269593
3550933132
3540422623
3549946334
3540695751
3547284468
3545269207
3543216257
3540980788
3544127922
3539243714
3549945410
3549178984
3539666491
3554496722
3544169077
3529130352
3547277044
3538093018
3545046223
3544883269
3540383595
3567800755
3561484139
3515507846
3549959541
3548610894
3547130326
3541952098
3537520876
3541735515
3543392376
3550953605
3511945772
3562213326
3549948196
3540970249
3549943561
3532837846
3541949636
3542441044
3543181259
3544007744
3549145706
3539246090
3541962798
3540903481
3538511681
3537928586
3539246207
3549944553
3534869403
3542591962
3526828099
3542653428
3538999756
3532226911
3542085530
3548892722
3550765591
3534459685
3549989349
3549949168
3561455019
3541968585
3539294185
3545860998
3545282831
3541964511
3544890173
3547224406
3542194445
3550983204
3541937894
3544192844
3541525909
3551006045
3549945418
3548368933
3547404605
3563880305
3549031728
3550892514
3543082756
3547514966
3540046094
3543389308
3550871075
3541998586
3528114703
3540199766
3545299967
3550556130
3542283315
3545435917
3545709747
3547419678
3548724456
3547429788
3549972572
3550535848
3542121610
3550890582
3540175370
3542460613
3549946369
3542231818
3539980656
3549948166
3544875110
3544136883
3542228075
3550725134
3538688816
3550889182
3542194404
3561495555
3549957399
3551852459
3545304571
3542460611
3540381833
3531425725
3540660078
3541928507
3549946354
3549945422
3541579514
3544119807
3549737876
3520044004
3549944533
3544569652
3563812456
3549522746
3548646154
3543389364
3539248060
3542459687
3562212451
3543784352
3550915225
3539979744
3539622996
3548662379