3530951644
3544009597
3541503028
3547594589
3547517166
3541502847
3526821605
3513213441
3532768586
3529968990
3521866832
3514779673
3527755985
3529444862
3540997857
3529602301
3525788864
3540999828
3518859610
3529805516
3547561445
3525696675
3530962287
3517546973
3532631113
3528110379
3545291450
3547558618
3534138329
3529930071
3544022058
3520055756
3515541667
3524653794
3547593573
3525246093
3516255817
3528005860
3547588623
3544012080
3526403866
3529986414
3547563172
3547591868
3526792360
2855890725
3527392581
3544001684
3526786620
3510629009
3511236029
3525696020
3532675351
3541502500
3529195136
3529970770
3518539834
3529600298
3510634151
3547561195
3531347410
3547595459
3544042001
3532740444
3547585181
3527659967
3544014027
3547579504
3529132455
3540999729
3239439014
3532623874
3534041190
3547563159
3524957928
3547512799
3523778438
3547512382
3515707790
3529657057
3525657712
3526819678
3530171634
3510614408
3547574706
3547583422
3525218934
3529734302
3510626694
3269370310
3540980029
3544010473
3522220686
3527862010
3510623681
3520454342
3522457386
3540997883
3532627981
3517551453
3534326062
3523234755
3540999842
3529680234
3547576082
3525670537
3524205334
3525734439
3540970797
3525708802
3547559969
3510658945
3531339490
3544013076
3541501684
3526764919
3525712798
3521133841
3520292497
3525672777
3547570239
3547565532
3547515227
3543397388
3535387906
3540999659
3540996823
3547597373
3529903042
3544014068
3510619746
3525179725
3535302421
3529390972
3547569747
3540998519
3510639334
3521134291
3547518138
3531235168
3521169677
3524649817
3541500591
3511519779
3535675403
3534033789
3521871063
3535616042
3547556760
3547558790
3509872155
3547571763
3530960282
3532928727
3510627673
3522286836
3547559961
3524664495
3547581337
3515569583
3510626618
3547571518
3544012046
3531349212
3510620317
3522529105
3529461144
3520659801
3547555776
3547564866
3534038478
3508054586
3517557406
3547522659
3517875998
3526464132
3547557892
3547561812
3451865934
3540963739
3513142669
3526115424
3541503100
3534330625
3307033599
3547524144
3547522537
3547577260
3516244771
3544012100
3520734608
3547579201
3547578621
3525936502
3547558884
3544011195
3526080249
3511718704
3530172538
3239433737
3525885576
3544011106
3528403090
3511719932
3547566826
3522683799
3547564526
3527389526
3518215412
3513166857
3510638605
3531133634
3510907473
3518864015
3547569063
3547582115
3547576481
3526795069
3511440368
3518291013
3531201553
3534036792
3544010465
3529968983
3532650196
3528972925
3481399823
3518400111
3513261221
3544031473
3531336582
3529976094
3540995912
3520741332
3525897821
3534037266
3547511465
3544012055
3540999875
3527714003
3547581201
3528026248
3519720513
3520068339
3510610774
3523948080
3531340468
3531108348
3547563200
3544009292
3544014103
3526074826
3517143815
3510911054
3525299187
3526532667
3510633333
3527489924
3529664564
3547570304
3525264126
3527780338
3544013119
3547579399
3525658696
3547576685
3522453142
3529984152
3543398341
3526119049
3517179596
3529317394
3540966458
3527364387
3547513532
3547573803
3531426267
3544010497
3534018447
3529928017
3547577645
3547580013
3513558984
3528316628
3525674813
3547595527
3528416706
3528049854
3523470093
3547516393
3522153767
3530172553
3541508067
3522809743
3544013137
3531102539
3524299730
3541503020
3529497442
3532589074
3523476605
3513244224
3514645931
3529123971
3532937964
3544009793
3535392127
3528196789
3527364379
3526791165
3510616428
3547578491
3547594071
3547560587
3547578440
3535676195
3510616298
3534134650
3540964051
3547580169
3513563302
3547573241
3544042000
3513238347
3524906938
3527091577
3510621750
3547599032
3522527349
3526808087
3526775591
3547513428
3518452671
3544013068
3544011147
3532630589
3544013184
3522252731
3510642883
3544011143
3518209113
3547572442
3509840747
3535605084
3547514279
3526119048
3541500843
3525837990
3547509607
3527661918
3547588192
3547576866
3547516209
3547578120
3529968770
3547577757
3513234940
3436156457
3510634874
3544036895
3522240752
3526825799
3524654620
3527528810
3525738074
3544012130
3540969313
3433901749
3518854731
3529677166
3547593672
3516242678
3510636571
3547595543
3547598365
3531351957
3522191344
3540998635
3516629473
3513290346
3544011149
3531451173
3547510670
3526822197
3535388702
3531329961
3532623616
3508061429
3517468563
3527489587
3544004917
3522291251
3547562362
3528115925
3527082197
3534139006
3525600040
3547557990
3526803893
3547523988
3540996945
3522812096
3544022307
3528423350
3547512369
3547574707
3544030954
3526163822
3526534701
3529625287
3523780012
3547589819
3526821607
3523769825
3544009515
3521813461
3547576291
3525684918
3547581117
3524903639
3547562268
3529972825
3547565020
3519270729
3521938784
3501827279
3526533580
3547572959
3532760923
3509846026
3532622692
3529980292
3529175511
3528578375
3535383475
3518422992
3532778490
3529975289
3524907732
3547589681
3544011131
3540996871
3524719575
3529406675
3527706362
3525677820
3511758602
3518395061
3528145886
3544037516
3527090504
3534103737
3529820112
3529682116
3525965716
3524803282
3535320545
3525270253
3524453517
3547584437
3516724067
3531102150
3547525893
3528503459
3547571179
3547588506
3521957574
3547562609
3544012039
3517884679
3547563523
3526169919
3531234456
3547520068
3531392754
3547571039
3532651583
3547566073
3517076014
3527002686
3515704831
3526271329
3514677479
3547556606
3547555560
3526085984
3540971231
3510638367
3547515328
3534035583
3527783509
3526759953
3519391181
3544012094
3547562915
3547560718
3541501566
3547577523
3547591391
3547582045
3521809732
3523424933
3521497691
3547598372
3526793078
3534135472
3526789904
3544012104
3547559387
3532388349
3534031653
3547583121
3523451521
3544010438
3531347409
3525746178
3506631469
3522643625
3501141000
3529982925
3544010448
3517494722
3527483972
3528264136
3531479903
3525708773
3540999668
3526819699
3540996738
3532579183
3523219516
3527004426
3525835651
3527691425
3547574889
3515931919
3540996806
3532769402
3529374947
3540999763
3527809665
3547592242
3544007973
3527388684
3540958535
3529453404
3526193862
3547583143
3524995604
3544009473
3528129991
3530520321
3541500727
3540996906
3525732747
3544010457
3544004696
3525643574
3540967837
3527096707
3544009510
3510619644
3541502708
3510616482
3518862371
3521447540
3526820749
3526794169
3547573527
3513111466
3528501659
3528034310
3547573888
3547560715
3520074070
3525894428
3519849198
3515314825
3547598381
3526145244
3532737251
3547566515
3547574705
3541500620
3547570236
3547594595
3523991583
3529805559
3521109009
13775062
3540996888
3544000355
3511722507
3547575036
3527502606
3527808927
3509174182
3512591637
3547523660
3522487941
3528826390
3524962055
3529682657
3531471991
3527906587
3529377739
3528504479
3535390507
3525672775
3526994751
3543398388
3547571237
3530914485
3527384711
3532654567
3526060008
3544014092
3525947068
3510618058
3544036657
3534133742
3517855778
3510607570
3269371237
3526440600
3547581245
3516873933
3534039221
3525664108
3531239519
3544010452
3524850167
3527978094
3541500660
3540996884
3525745777
3525674992
3547568713
3509889291
3522085035
3527366048
3525245280
3543393370
3547504845
3529975949
3510662243
3547566125
3510628039
3525298843
3529973622
3510658005
3547574309
3526157289
3528402114
3532640014
3516800065
3529804045
3531343701
3547564904
3547577396
3519393003
3531578604
3544008975
3532939252
3547568834
3530724710
3511944319
3530404821
3531233362
3547511845
3534018445
3534035211
3522689148
3529443984
3508066082
3509894083
3522662547
3529976022
3510626813
3522684698
3520013720
3540965056
3522681609
3547562241
3522284476
3547510237
3547516134
3540998622
3547576551
3532614423
3531973379
3547530019
3529174486
3508588887
3544012050
3530125203
3525672737
3532740036
3525271584
3541500581
3528421448
3526786538
3535389630
3540963329
3547555966
3510635754
3541504236
3531429456
3529805522
3540999581
3547575362
3527351977
3547533247
3541500990
3530179003
3526648358
3547559392
3547562324
3510643776
3529913888
3531106419
3525724558
3510625215
3510621413
3532649658
3547516225
3526116420
3534058640
3532595200
3517135971
3544013033
3521940608
3532574916
3517549586
3511721472
3513216087
3540974136
3547558811
3547581221
3525977421
3547512784
3535340513
3513559842
3535390539
3547593693
3529452521
3518453651
3541509211
3530727912
3540998723
3510655960
3508888756
3530104401
3531152322
3529391844
3541506084
3535390501
3540967008
3547569292
3509890222
3527811720
3528517694
3547571346
3526823166
3524818081
3527096894
3525714107
3547562956
3510646413
3515573216
3515707789
3511720871
3540997689
3547581231
3525247958
3525643046
3527707487
3527571620
3535392009
3524955981
3524997720
3540999597
3544011089
3547518041
3541502784
3547586249
3510948247
3532976507
3525793012
3547508428
3528004818
3525990884
3239438112
3541500525
3547515375
3531284671
3524672669
3524683670
3529499305
3520475742
3527632718
3547566837
3517548705
3541506087
3530562374
3516966792
3547587966
3544013187
3534138976
3547513013
3540969017
3529985374
3530168720
3547597266
3510625861
3510637588
3526138369
3515709306
3544031926
3510602203
3547579202
3528813800
3530528401
3527709939
3515704832
3527934454
3511721571
3510613553
3535391359
3544033144
3541500551
3530572730
3532308754
3523927974
3540996947
3547580112
3510099545
3547564666
3500564545
3383233655
3528196748
3515921290
3547524508
3528503460
3532469260
3526161871
3514128609
3510627419
3547589072
3540652857
3529909681
3541500722
3523709542
3529197687
3534037339
3526820715
3510616232
3523767369
3529298906
3509175194
3547559246
3527037240
3535390495
3531479155
3526116218
3529675298
3530589055
3531343853
3522526470
3544011091
3530602578
3547559245
3544008955
3527684442
3525986514
3527931342
3532348734
3544018917
3526105508
3525677537
3512671453
3547518001
3527664662
3525737185
3543398185
3239437203
3530443782
3535387943
3540966536
3547566508
3498543395
3531480536
3531571437
3531425450
3530947786
3528418728
3511971267
3526753225
3532499216
3509134195
3529976123
3522199858
3528112203
3535370585
3525770855
3547567832
3524652209
3540997804
3527784310
3547575049
3547526030
3547564232
3544010494
3547566528
3528053860
3528322232
3547509830
3534176609
3526795347
3535391496
3525959890
3528020841
3516683731
3531347266
3526786908
3525774279
3526822464
3534029864
3528345006
3522453143
3534033542
3544014033
3547599027
3544039203
3544024266
3525600572
3544012072
3507806133
3524299950
3511415043
3531488168
3524739423
3544020843
3531447503
3518834614
3547524616
3547567771
3547516253
3528413465
3540996891
3525739879
3547577565
3534038133
3540970785
3520455917
3511514125
3547576930
3524709651
3535393058
3544009102
3528193386
3509512475
3531224791
3547576916
3513220012
3544035999
3547573522
3522690043
3541501564
3529986410
3541501606
3529979955
3547578351
3547578363
3544018774
3508856408
3523933081
3529600466
3531227852
3544014016
3524651378
3528269216
3544011192
3519228160
3527389709
3529490292
3524659146
3547513353
3528577391
3531480247
3540975526
3547576122
3521169989
3544000167
3531120734
3522684364
3540996789
3540998973
3547585522
