3520044004
3523743282
3520459813
3525723554
3527821880
3545964641
3520729278
3516637194
3527065467
3522212905
3522294979
3529041711
3532901532
3529458696
3516672427
3529872684
3529949220
3525654696
3525923153
3520439276
3520458644
3524955715
3530936787
3521523630
3522086390
3521754879
3517168914
3542549318
3522010736
3545964865
3533040991
3526783948
3525790897
3523779032
3522879882
3525207467
3520737436
3527860425
3514747876
3531333875
3532789301
3529457989
3516670537
3520378880
3545989312
3520382049
3520155411
3528643036
3516616194
3526077070
3520820840
3528020320
3531482679
3524248732
3532595880
3540122981
3522671237
3530768301
3531339677
3521702352
3532599805
3527675015
3525729542
3528295490
3542540251
3525564609
3528021625
3529446308
3527454061
3527675479
3529962650
3545901337
3527499365
3525703419
3520431844
3523755214
3542556966
3530952152
3521404305
3546540655
3529967989
3515058369
3521422225
3523766377
3525296901
3527807683
3532507722
3528077119
3525654305
3539667050
3528026821
3511721875
3529465223
3531340605
3524619872
3525772385
3525989310
3527811853
3546324867
3529172289
3522075011
3522651579
3521982147
3521129358
3529480075
3539669138
3531435235
3532474040
3525247930
3521474764
3521902207
3509844261
3515533560
3521487792
3524627371
3523497766
3526102946
3520156062
3522612161
3522028326
3525670304
3526062290
3530024400
3522206717
3529222523
3524211164
3545494806
3530943258
3527062184
3529319309
3526157544
3521474805
3526217028
3529253140
3521789457
3531609660
3526093404
3518263691
3525729474
3519756598
3530577176
3526174941
3525731189
3520035884
3545957112
3525766205
3524209852
3513225174
3525868666
3515144959
3509510103
3526716835
3523731373
3525979253
3545961540
3524622628
3531294662
3539661819
3530078079
3529803512
3525068193
3526744285
3529400243
3520489854
3542598191
3527652076
3529462417
3524844225
3530411230
3526161472
3525773458
3529990354
3521486098
3528169114
3529666720
3529458694
3542704869
3532760545
3529437891
3518896243
3521853730
3521424471
3514106313
3511945772
3529657379
3535120319
3524217672
3530196652
3529973180
3530920144
3529129610
3539620173
3524225425
3520813923
3542745516
3532733269
3532656081
3531177201
3527092279
3526779818
3527040313
3529819530
3521912452
3527663047
3526108188
3531408838
3522673847
3518600464
3531369992
3521780096
3525769987
3527862432
3532654612
3526584125
3545909764
3530858059
3542593610
3527455522
3526147864
3529460523
3525206801
3514638572
3509516477
3526187179
3520224198
3529285333
3525794627
3529313064
3542592087
3527649008
3515509566
3529983627
3527581900
3522219719
3513296260
3522104106
3527600960
3525870022
3526750244
3519841308
3525709518
3526828102
3523779725
3532658703
3529692887
3526770169
3520419487
3518036347
3542594449
3531324988
3539679949
3526758487
3529425118
3526786756
3521479401
3542749224
3522404607
3524202722
3525957422
3532796507
3527642936
3525267316
3520084449
3520804791
3520269571
3545493964
3532618322
3530789553
3529985953
3527055692
3529462416
3542578502
3528430158
3520423066
3531345790
3532673817
3521482635
3545902228
3508853924
3542551869
3523788702
3525246628
3521147359
3526783947
3509582149
3528318500
3525870020
3532494617
3524978925
3545911431
3522414852
3520231079
3520949701
3532614056
3532337816
3518138438
3529989142
3515191836
3511726025
3545497608
3521492510
3529998091
3529689047
3534034507
3519379061
3521412162
3530936826
3524624310
3520083703
3523186440
3532455454
3524214161
3525770258
3514731713
3520099721
3546701148
3526180673
3532758791
3525696196
3528636668
3521489192
3522260234
3525766204
3525251216
3528289745
3521473751
3529950132
3526787381
3529984761
3522652924
3539678993
3522665514
3530744339
3529358345
3529109798
3529074165
3525873103
3529130352
3524622363
3529622234
3546894335
3532663585
3531316947
3522260300
3522027720
3526207414
3524843356
3524984384
3521479315
3531933865
3526787583
3529172511
3528593102
3530985349
3533067391
3527471753
3529499089
3529675480
3524155650
3523040470
3521482393
3532425357
3527707524
3522214886
3516435813
3527214986
3529461405
3522205691
3522246848
3523901388
3527581901
3524980770
3524177483
3546823234
3532319164
3525639096
3525733135
3522290885
3526793895
3524968263
3546057550
3522877277
3524246306
3532491968
3526278638
3524223075
3522639387
3525865500
3529617950
3523753772
3525864581
3513162637
3509579411
3529989292
3534153304
3526791029
3526207010
3528114831
3524642908
3525254032
3540139169
3546905178
3525824094
3529193631
3532578245
3509580321
3511722573
3525241251
3527643442
3527071009
3526804376
3516611570
3523793139
3511766183
3523499045
3521193431
3539684591
3518942827
3517672102
3542705831
3542583283
3522383627
3529685522
3525655926
3545954480
3532613016
3546769781
3525980205
3529172476
3532664483
3522255458
3530028062
3520827015
3540138251
3524265933
3529906386
3529989291
3523935327
3523792790
3525669922
3532307720
3540118079
3526059899
3533957444
3522388012
3529186506
3527458719
3530760026
3520898657
3509802263
3527067779
3542746794
3531852803
3539659889
3528589664
3531440529
3525781879
3525221725
3525736569
3526790609
3521154128
3532337983
3510642089
3523468322
3518301563
3516636221
3526806380
3540108299
3528045366
3527060199
3529131107
3522164886
3529973233
3532609840
3527603162
3527640368
3511283421
3529042722
3521470467
3527810410
3532661382
3513253402
3529683808
3534017483
3524908310
3514651296
3531540989
3528010608
3525254507
3514179013
3525739806
3521143290
3529410476
3527777263
3528113417
3523798942
3518596494
3524911016
3527626943
3531322391
3515531855
3539638445
3528588374
3525207801
3532536827
3532492546
3542556859
3530795390
3530940314
3519772998
3522098727
3540140159
3540130657
3542555346
3525784020
3542556322
3527668980
3531152718
3542707230
3535626422
3515512198
3521421468
3531126268
3545496653
3525717764
3523471621
3531153687
3526083410
3518422992
3525727129
3523669316
3521162095
3521490564
3527781614
3527820987
3523776819
3531442257
3511295654
3524162828
3519837563
3523903236
3528912269
3525979172
3522659469
3524216314
3523765662
3525845092
3546783820
3514763464
3523962007
3522655214
3521131208
3523468816
3542533432
3529676395
3529137892
3525726838
3542566740
3525250703
3524252403
3520855472
3546785064
3545990253
3522042923
3532490657
3526090107
3529806319
3532580651
3539673944
3521913567
3523785499
3521454643
3527048809
3520088250
3526219603
3531157428
3532498244
3524217924
3531856400
3524115030
3509582156
3509577608
3513271982
3526210084
3524211777
3522274204
3525640960
3524838451
3527075011
3529696504
3527025835
3511737658
3527093481
3526075211
3526197906
3526630121
3525614414
3521439883
3530954142
3508862827
3532628759
3546301118
3531339549
3529283933
3521481438
3523716398
3518880885
3522230616
3512826695
3530873855
3515507846
3527093125
3546336164
3529127469
3517160528
3531408499
3525845863
3521480150
3513253401
3539683512
3524242911
3525721756
3519783287
3521469973
3521915659
3530767449
3515059338
3519896836
3520200782
3528170342
3525966185
3526788666
3542550053
3531561427
3511583824
3520422072
3523919368
3522284035
3527354359
3524214195
3531310994
3532778697
3532605575
3521474632
3530978110
3525858155
3526087593
3525736595
3514770495
3508057030
3520382078
3527813872
3518242353
3532617214
3527854536
3525206526
3527053954
3532346089
3545968690
3525016432
3521460447
3546845150
3526765815
3529821489
3545498124
3520858364
3546191575
3521424635
3513734420
3529278407
3522641415
3522000509
3542551504
3526075782
3516652041
3545900231
3527855784
3517126793
3521946985
3522203655
3521460044
3525735059
3546329180
3525717008
3520862236
3525712784
3522170621
3509594452
3531101638
3540127071
3527515474
3523775265
3519234907
3529143088
3531353828
3527711035
3545913079
3542705264
3542578474
3522201143
3531345787
3531105199
3522671282
3525763179
3509843852
3518894900
3522216754
3531101490
3529432769
3532512082
3522087500
3522141663
3516454722
3522215104
3528114703
3542703374
3520802460
3531413058
3524236795
3530931350
3512619546
3532604757
3540137015
3515055834
3525253512
3521424224
3518595574
3520380581
3526151076
3545998583
3546006226
3524267524
3526160068
3545492918
3531351659
3532579183
3529403042
3527451394
3518597331
3525252186
3528325311
3524230400
3519104200
3521936698
3515509549
3522111499
3531997301
3546059757
3520432611
3545911797
3509513522
3528118188
3526158611
3531344878
3531629345
3529475860
3522274437
3525795404
3530408336
3525900119
3526076833
3525985823
3531352186
3522230939
3525226274
3546335171
3521864405
3532302845
3545489450
3545494932
3521130561
3525780068
3526789036
3527095351
3520674264
3529773241
3542702435
3511427196
3513226002
3523521348
3539667663
3520819860
3532570991
3529968956
3518645107
3520446712
3546773023
3520034957
3522608622
3529295929
3529698165
3509842273
3518866194
3514174229
3530619742
3532668283
3529461483
3532349059
3530891896
3542580424
3522383802
3531336607
3540137208
3526391313
3522257434
3533959034
3531107907
3545497889
3526321017
3516611566
3526828099
3526581629
3532605593
3527649001
3526084084
3532320476
3509112436
3531346484
3523915024
3520549537
3521723452
3531158208
3529369097
3526798261
3522683748
3513142985
3531425725
3529378199
3511438536
3523779769
3527485799
3518769487
3532666283
3526094895
3531449842
3527817030
3529298139
3509490698
3527164186
3522229066
3531202522
3525864582
3521829168
3527712087
3527592303
3525249646
3526775714
3525984999
3526082522
3529480733
3525934999
3531346641
3511438897
3525655227
3529987005
3528111562
3519794701
3529987442
3532760544
3522206477
3515575053
3546799368
3510973353
3520221182
3520678148
3532603998
3527711170
3524995790
3522254604
3522494850
3521198927
3527090867
3531410890
3525693300
3526131085
3530983757
3516613430
3529106937
3526778122
3527675141
3522277288
3522011608
3529366691
3520859280
3523346794
