keywords=Data Scientist
location=United States
3574333112
3561531364
3558880451
3566072214
3560601321
3557334941
3561203219
3575158870
3562398761
3562415151
3561302275
3574475132
3540064056
3561177051
3559640776
3554301647
3561532102
3544598612
3549642920
3547224712
3557990699
3540137525
3561527768
3574469914
3551150770
3559863095
3564731092
3555867971
3561514536
3559636661
3560406391
3560678763
3566300614
3566077565
3570576222
3564589898
3564869006
3566069523
3574834539
3561530482
3559072172
3564686417
3561529598
3561217428
3564636826
3564605029
3560938946
3559636515
3568549972
3561134123
3561586584
3561973627
3556745988
3550871075
3557530636
3554229237
3557315064
3556759422
3565823662
3558801292
3560430408
3558879928
3564598509
3571008726
3557952332
3561393258
3559254621
3549617121
3556492133
3556787066
3566071922
3555449900
3538935384
3540391750
3559651860
3564637642
3551246396
3570050006
3575164407
3571028401
3560457692
3575139364
3557888707
3551379825
3557331913
3560419219
3564625862
3548431528
3574830655
3570080944
3566028783
3563755278
3561975587
3568567532
3561546817
3570587152
3558964076
3558570985
3539980656
3560417734
3561529608
3557311731
3538688816
3560586564
3566022272
3552292355
3575204485
3561519273
3549360500
3560899602
3559379295
3557137944
3550950662
3551149865
3549948747
3562935601
3564692030
3550953605
3571020214
3541160381
3561152722
3575159912
3566078415
3555886234
3561514241
3551149842
3568515740
3561227327
3557908046
3552287063
3561227285
3575194572
3558159365
3559094961
3565928426
3557921483
3564597873
3574425353
3550353249
3549532051
3570087204
3564592763
3571030505
3556195383
3558842934
3559052576
3549951252
3542625715
3561533079
3561160477
3568532914
3565929397
3561392127
3561229075
3559022056
3557332719
3560451114
3561977756
3552197476
3566296691
3565230650
3559038294
3564453337
3552844289
3557375076
3541923985
3564725619
3550774931
3558515813
3557186442
3570094580
3549698658
3568529720
3571028298
3559260210
3558144138
3561288398
3560605039
3564702748
3570584363
3564635665
3575106511
3561221731
3547247975
3561506935
3565219936
3560585289
3557158664
3562112871
3557306537
3564785483
3561528649
3551638247
3557940281
3557643323
3568515620
3566275898
3545765016
3549670246
3568551159
3541580396
3560428640
3561531383
3560618054
3560111586
3560426104
3566033061
3565819019
3575168016
3556644457
3554502838
3550745728
3557645269
3568526813
3556997042
3570584358
3542510443
3560404650
3541972822
3545050448
3557525449
3560109977
3556762370
3558475438
3561226354
3558832174
3558865771
3564788159
3548610894
3557884689
3561959989
3557887124
3568546400
3558549948
3561980064
3548662379
3559691628
3561392240
3548661651
3543181259
3561260718
3566303017
3560574838
3566067769
3558878458
3555862263
3561509043
3564700620
3566305041
3561191235
3566069157
3563752692
3558983948
3557334381
3558882383
3551152716
3560424156
3548446583
3558830674
3555793801
3548444927
3558207980
3561228158
3555949371
3557456514
3556936596
3564517404
3568537768
3557333574
3561599890
3561533085
3558889006
3559544141
3575166364
3552620762
3557398355
3568556812
3542085530
3574871618
3560897894
3565882868
3552415355
3557300294
3561225582
3565930058
3558174280
3558199616
3552659583
3560106883
3555909396
3561532101
3575195439
3557147570
3566037398
3567999237
3568534615
3558886154
3568559517
3558816444
3558718184
3568554852
3560408273
3561533044
3561604645
3564709204
3575203708
3554308104
3557048270
3558295297
3575146190
3560371788
3575168048
3545291098
3574440970
3565693927
3565841485
3557176429
3564732825
3560538742
3570570734
3558839867
3560434980
3565955556
3559229751
3535554327
3566225871
3560356246
3564863908
3568562544
3574319814
3544948776
3541584915
3557045678
3559770806
3538008427
3561567424
3557983253
3550889182
3560134426
3558522035
3575164653
3564546220
3558470824
3556982535
3559575985
3536369563
3557318828
3568536551
3574319157
3552616270
3564478239
3566081621
3558153340
3558562498
3564712175
3560621947
3559550441
3556990897
3565915661
3575110916
3558186293
3566082423
3574765509
3560078727
3556977589
3561562926
3556449199
3566274953
3575131167
3561162969
3557883326
3568568597
3568560545
3564632951
3561528632
3561980063
3546894335
3558198191
3557333832
3558170841
3575206411
3565941862
3560872203
3557716230
3565958938
3564608344
3558842352
3560302328
3564784590
3560431247
3558539100
3555868919
3557422450
3558179849
3560424404
3557146687
3560676605
3555235890
3539979744
3568597162
3568581956
3557416970
3564651400
3574475259
3554776693
3551150772
3562779808
3568588166
3565975025
3549618287
3565879960
3565915991
3533391993
3561529575
3558977311
3567974294
3574466961
3558621230
3566091730
3559642801
3550494644
3566303463
3558180981
3566298750
3560431248
3561971802
3558191036
3574797667
3571042084
3556637290
3564725617
3565953500
3560835424
3537402979
3567996061
3560425631
3558863560
3548463660
3556986383
3565907795
3561227287
3561565825
3549675038
3557972572
3559752091
3561700049
3566092321
3575108139
3558865787
3564731094
3560522189
3557307279
3548463738
3556783657
3566048342
3556983222
3575143178
3544521824
3551611440
3575202709
3564600926
3557959786
3555875042
3560627482
3558154880
3575105752
3571015788
3564688976
3555947460
3561599415
3534459685
3557530004
3568532217
3557199054
3544123936
3560128903
3557529790
3561613010
3564740503
3565910777
3532837846
3557338419
3561960510
3560090148
3557003744
3557996578
3566274978
3563540835
3561531361
3560391598
3558514365
3560518774
3557097239
3557955781
3560516968
3537408250
3549923880
3557060161
3558946053
3552915517
3557374538
3560950355
3557316512
3561527917
3564588641
3568529141
3556810783
3558869077
3561230592
3560811587
3566280336
3556788495
3566032030
3557602089
3557986487
3562050918
3558175409
3542644604
3545558379
3570586287
3575198970
3559054650
3552673605
3551149847
3559638424
3574472470
3561640411
3564625273
3568547606
3552997959
3574329789
3560570614
3561532130
3557185517
3571025186
3558877496
3557943868
3568523696
3566288858
3560122891
3561225596
3564462295
3558506580
3574799305
3555459781
3565881334
3533391989
3560347681
3568528835
3564689263
3568530691
3559258376
3560891007
3557665692
3564640847
3557336529
3561521191
3564478530
3574476310
3568581654
3550744046
3557525814
3551154596
3575140928
3555870602
3556992091
3544516627
3556257604
3558535308
3559693272
3575107186
3561361654
3566237664
3560518775
3552997482
3559651646
3568528398
3554324350
3558884310
3575101349
3561348957
3565251515
3549203059
3554775200
3550547947
3560675563
3551153632
3561197402
3558538031
3559057395
3570047268
3556742557
3555928390
3561532111
3558800439
3561981278
3559652960
3541590062
3566285622
3565881888
3574469772
3560517750
3571077261
3559784226
3568525840
3552184642
3565985906
3560579125
3558221016
3546924797
3558626269
3551155588
3568560401
3559698896
3564687274
3558937373
3560605038
3570582149
3558811760
3565955797
3566276818
3559552005
3557199044
3560408279
3574872085
3561532128
3561980177
3564628740
3560821375
3561531369
3565839540
3566317173
3570025963
3564575977
3558875802
3557466015
3538967468
3558193093
3566300336
3575157936
3574872398
3564709320
3554226878
3560539305
3542079701
3561232365
3562401093
3566996927
3561207478
3560093503
3558601705
3556865242
3564559654
3575186955
3555171589
3560424101
3561318847
3540160272
3557172802
3565208841
3575206933
3552652190
3558860044
3564515645
3558886635
3544191191
3545268260
3575160145
3555919409
3558842743
3560085017
3560427603
3564714373
3561395015
3560899603
3558866335
3567901317
3575184773
3557201510
3558963056
3542497489
3556785670
3560516759
3534843729
3558857267
3559681992
3561232189
3557323928
3557969693
3551149850
3552640749
3543229077
3557643317
3564607063
3560880052
3560434358
3564610169
3564619412
3558523153
3559935073
3575165041
3549362302
3555842901
3554200081
3557315225
3561532113
3558645666
3564604917
3574474376
3537901956
3561528644
3557968639
3559299922
3565881817
3560378320
3561360946
3551608273
3560422371
3549613258
3552986656
3557311623
3561212984
3574471304
3560577176
3534865794
3574473728
3558175644
3564474538
3561184461
3548492467
3558157664
3564526005
3565840677
3574859050
3543082756
3565222366
3560350745
3568566287
3541778600
3559652570
3551153630
3557039960
3560316277
3540948448
3565847427
3533396380
3556765406
3552627318
3552217219
3564452332
3561203105
3566074919
3561532095
3564787426
3557940777
3570584357
3574423467
3551612587
3574868362
3548424418
3565826385
3564677090
3558071264
3552616720
3571014498
3564627716
3568567017
3560491330
3558508593
3561511961
3557921467
3560428602
3568597841
3559054431
3560062184
3538953064
3575209517
3558146646
3574475292
3561190901
3575202962
3558630923
3564788207
3560349810
3557920575
3566281196
3560804275
3568533806
3558895453
3570583580
3558522494
3560586037
3561505333
3552715006
3564670914
3558135850
3556195384
3560533810
3575206293
3558183780
3565806401
3564717557
3558188442
3564611236
3564600091
3558530574
3564431069
3556846473
3560066633
3560396049
3561367723
3568567516
3557522997
3575127581
3568541741
3565802547
3570592078
3541954251
3560419598
3557042968
3560583509
3555875046
3557307568
3575160984
3534869403
3558837694
3565968171
3557147822
3564626545
3562407597
3568531414
3557892555
3570583579
3534843730
3559059762
3554212098
3568599454
3535527918
3568538444
3550201890
3575208051